1
7
48
29
20
25
413
12
37
10
44
6
57
22
42
22
62
25
449
21
32
44
15
18
2
22
134
20
20
48
24
25
6
51
16
55
0
112
14
33
32
65
104
32
25
22
46
37
325
28
4
13
20
25
9
97
88
56
31
126
24
62
29
39
68
26
56
21
34
31
9
2
129
30
54
46
38
3
26
20
17
52
30
68
355
312
67
48
229
74
78
162
53
30
29
5
40
18
63
39
29
31
14
5
37
36
50
26
112
7
10
38
262
37
22
94
132
113
217
36
21
5
185
373
106
26
41
18
27
1
25
30
3
52
1
44
64
6
71
29
31
27
11
12
74
33
41
11
378
42
160
31
13
211
13
161
69
28
3
61
26
98
94
33
16
2
129
24
118
53
101
9
5
25
166
2
44
50
25
43
267
69
354
51
69
14
57
27
88
77
97
286
322
18
72
37
252
36
101
1
89
10
7
69
242
21
21
35
26
4
10
53
15
39
76
14
57
96
10
17
1
117
1
38
6
4
14
21
39
17
23
39
29
20
131
144
70
8
52
19
18
18
36
24
203
360
66
58
14
12
8
134
72
19
377
32
5
221
32
69
12
1
21
258
13
7
49
160
65
6
2
10
33
49
79
10
48
24
43
28
14
84
16
10
18
15
10
93
57
31
234
29
1
265
51
67
59
22
118
52
13
219
22
58
7
40
37
126
34
286
81
39
106
47
64
181
9
165
25
48
10
23
446
48
36
34
20
60
100
40
177
33
34
48
53
1
32
59
42
30
48
47
6
18
81
24
51
37
47
12
132
46
15
38
144
39
30
5
45
1
2
5
53
20
48
133
53
36
47
3
5
104
14
71
30
438
18
2
26
26
10
350
20
134
60
89
16
21
12
9
48
239
285
6
49
139
75
43
25
37
33
70
567
82
14
58
72
30
208
50
70
55
37
36
83
58
184
39
120
217
5
23
20
32
202
41
221
14
3
49
12
1
51
8
33
28
7
107
85
11
33
3
10
236
84
15
0
131
41
51
60
29
16
73
223
38
25
84
49
47
4
43
50
80
33
124
9
4
112
17
47
79
46
22
24
136
3
83
2
41
15
5
33
85
40
10
46
12
8
38
213
6
9
44
2
15
41
41
69
32
67
6
34
88
51
8
10
240
84
6
1
26
32
49
6
4
11
10
84
23
23
6
94
20
173
153
42
25
167
361
24
26
22
57
2
41
3
47
46
31
54
0
32
57
58
27
5
214
36
31
49
17
14
49
77
144
13
22
11
16
0
22
100
84
38
9
130
27
39
14
5
24
39
425
53
31
91
12
22
10
27
2
5
46
4
93
42
32
4
1
20
150
21
61
18
30
7
90
17
76
744
3
291
38
63
329
16
65
6
41
79
4
50
76
17
28
27
43
4
13
7
43
30
34
196
29
54
45
81
199
32
51
126
690
14
15
107
207
20
7
954
40
9
53
21
9
116
146
11
62
14
31
4
13
288
0
51
40
37
109
7
66
179
80
48
47
183
18
88
84
82
40
40
136
72
15
68
140
130
11
38
30
41
220
50
43
49
56
32
105
50
62
58
1
26
84
51
17
52
127
21
86
45
47
6
29
135
15
44
31
31
47
37
16
75
13
83
39
65
32
62
2
9
182
77
393
31
11
77
105
17
3
1
23
121
31
58
43
12
6
8
16
11
321
217
74
49
22
62
50
105
4
20
27
42
10
29
42
43
35
169
9
46
19
60
7
144
6
38
52
377
16
49
59
12
23
12
199
8
38
46
21
1
26
12
0
32
35
14
17
41
16
3
43
32
99
126
33
25
20
115
49
41
113
59
105
63
37
59
5
28
57
43
54
464
108
6
23
10
0
140
40
3
15
5
47
66
10
84
161
169
47
86
11
58
132
441
30
33
5
