14
21
24
45
48
20
24
39
12
51
36
30
19
9
60
12
33
60
32
33
48
17
24
45
55
14
21
9
8
80
13
7
39
35
15
18
50
5
30
18
45
54
32
40
33
36
33
36
27
39
19
39
5
48
48
15
25
39
33
20
52
45
12
9
8
40
12
35
39
80
22
42
30
21
19
6
50
14
16
5
64
26
20
28
26
19
40
44
48
20
7
30
18
48
34
20
32
24
30
32
20
36
36
56
6
50
56
50
52
52
34
56
5
56
55
30
36
44
14
70
33
6
20
20
20
64
39
44
12
42
56
48
48
56
52
17
7
6
38
27
36
22
32
18
8
42
32
24
10
14
26
50
30
35
39
13
34
81
40
33
24
28
20
12
48
17
32
45
19
39
28
28
22
30
39
60
15
68
20
42
6
8
13
40
40
20
36
34
20
12
38
36
26
22
24
35
22
28
2
36
11
21
20
26
24
30
26
19
30
34
20
40
36
68
28
3
15
60
36
11
12
18
45
35
19
27
25
12
17
56
36
30
15
17
16
30
50
16
40
42
30
19
81
17
14
36
32
7
36
40
45
20
15
56
32
18
12
30
50
30
20
18
35
40
36
45
16
16
54
22
26
54
32
40
42
38
8
40
70
70
30
21
32
33
14
11
40
52
24
16
64
42
32
54
39
45
56
26
16
45
72
54
24
45
38
28
17
32
16
12
11
26
20
30
16
30
22
42
30
20
5
42
28
12
20
30
19
18
50
45
45
64
52
40
20
40
32
30
30
24
3
20
39
18
60
30
32
9
72
49
11
36
30
30
21
40
38
36
15
42
40
63
8
22
30
60
18
36
26
28
32
11
30
45
36
48
34
48
48
56
20
21
28
44
40
40
56
30
33
68
32
32
18
30
60
17
25
16
20
19
40
65
16
20
24
28
35
32
10
13
50
16
32
9
40
18
20
18
54
25
52
36
42
30
45
18
40
16
30
16
14
12
40
40
12
42
33
80
33
40
56
36
52
12
40
28
26
39
28
39
36
44
26
1
38
13
26
19
24
34
14
33
39
20
36
56
32
50
8
22
35
3
40
5
39
3
36
42
18
42
34
19
32
21
24
3
45
48
45
45
1
14
24
17
20
56
54
48
32
26
1
42
40
21
54
52
60
48
10
18
48
72
12
1
70
30
50
18
28
9
26
50
19
12
14
19
38
39
90
28
4
45
19
42
38
30
21
9
14
20
10
36
19
36
24
20
36
52
30
45
1
10
20
19
24
42
20
10
30
19
54
22
42
45
36
24
28
24
28
32
24
39
20
28
2
50
34
48
22
17
18
48
45
7
30
20
54
13
24
19
6
24
48
21
27
34
15
32
42
20
33
22
15
56
26
4
5
10
98
24
33
28
28
16
17
22
63
30
48
24
4
12
5
16
14
39
20
4
33
9
19
20
24
26
3
30
32
11
27
42
8
30
42
13
30
56
30
70
50
44
27
9
68
42
30
32
26
49
22
17
24
36
2
16
17
36
